71015601
71020021
71020022
71020022
71020061
71020042
71020041
71020051
71020052
71020081
71020082
71020092
71020091
71020151
71020152
71020161
71020162
71020167
71020211
71020221
71020095
71020096
71020166
71020165
71020225
71020073
71020071
71020099
71020100
71020170
71020169
71020111
71020113
71020175
71020115
71020177
71020179
71020180
71020121
71020122
71020227
71020228
71020261
71020262
71020125
71020126
71020183
71020184
71020231
71020232
71020129
71020130
71020187
71020188
71020235
71020236
71020132
71020131
71020241
71020242
71025511
71025512
71025521
71025522
71025513
71025523
71025515
71025525
71025517
71025527
71025515
71025525
71020006
71020010
71085603
71020277
71020278
71020279
71020280
71020301
71020302
71020305
71020306
71020311
71020312
71020325
71020326
71020373
71020374
71020377
71020378
71020379
71020380
71020329
71020330
71020231
71020232
71020313
71020314
71020381
71020382
71020315
71020316
71020375
71020376
71020317
71020318
71020319
71020320
71020327
71020328
71015565
71015991
71016355
71015561
71015562
71015987
71015988
71016353
71016465
71015567
71015993
71016357
71016475
71017801
71017802
71017831
71017832
71017805
71017835
71017853
71017863
71017807
71017837
71017855
71017851
71017861
71017921
71017922
71017931
71017932
71017925
71017935
71017345
71017941
71018011
71018012
71018021
71018022
71018025
71018033
71018031
71020601
71020602
71020621
71020622
71020623
71020651
71020661
71020691
71020625
71020630
71020629
71020631
71020632
71020671
71020672
71020701
71020702
71020665
71020666
71020695
71020696
71020383
71020384
71020387
71020388
71020389
71020390
71020385
71020386
71020715
71020716
71020741
71020742
71020751
71020752
71020743
71020744
71020757
71020758
71020753
71020754
71016991
7101692
71016999
71017000
71017017
71017018
71017001
71017002
71017011
71017012
71017005
71017025
71017044
71017007
71017027
71017045
71017009
71017031
71017081
71017010
71017032
71017109
71017064
71017101
71017108
71017109
71017064
71017111
71017110
71017112
71017131
71017132
71017315
71025541
71025743
71017379
71017945
71015067
71015068
71015317
71015318
71015717
71015718
71016217
71016779
71016780
71015011
71015012
71015031
71015032
71015051
71015052
71015071
71015072
71015281
71015282
71015321
71015322
71015611
71015612
71015721
71015722
71015329
71015330
71015731
71015732
71015369
71015370
71015747
71015748
71015427
71015777
71015131
71015451
71015801
71016303
71015017
71015018
71015111
71015112
71015421
71015422
71015541
71015861
71016305
71016425
71015511
71015831
71016313
71016437
71015475
71015435
71015859
71016101
71015323
71015324
71015723
71015724
71015727
71016151
71016221
71016281
71016265
71016449
71016267
71016451
71016468
71016452
71016266
71016450
71016241
71016252
71016245
71016205
71016206
71016409
71016410
71016207
71016208
71016733
71016723
71016724
71016735
71016736
71016711
71016712
71016741
71016742
71016761
71016762
71016781
71016782
71016783
71016784
71016785
71016786
71016791
71016792
71016739
71016740
71016789
71016790
71016787
71016788
71016765
71016766
71016797
71016798
71016793
71016794
71016795
71016796
71016799
71016700
71085601
71015007
71015009
71015003
71015005
71015006
71015010
71016991
71016992
71017001
71017002
71017011
71017012
71016999
7101600
71017017
71017018
71017010
71017032
71017005
71017025
71017044
71017009
71017031
71017081
71017101
71017061
71017109
71017063
71017111
71017064
71017112
71017062
71017110
71017041
71017131
71017132
71017501
71017502
71017531
71017532
71017557
71017543
71017581
71017601
71017651
71017559
71017562
71017643
71017693
71018116
71018117
71018118
71018119
71017715
71017716
71017719
71017720
71017721
71017722
71017741
71017742
71017743
71017744
71017745
71017746
71023811
71023821
71023831
71023832
71023841
71023817
71023827
71023829
71023845
71023825
71023861
71023847
71023848
71023846
75062623
75062631
75062904
75062906
75062686
75062687
75086099
75086100
75062877
75062877
75062878
75062879
75062880
31105168
31105446
71063360
71063361
71063362
71063363
71063381
71063037
71063038
75085785
31105680
71063347
71063348
71063349
71063350
71063351
71063365
71063366
71063352
71063353
71063367
71063368
71063369
71063370
71063371
71063372
71063354
71063355
71063356
71063357
71063358
71063359
75086275
75086276
75086277
75086278
75086279
75086280
75086287
75086281
75086282
75086283
75086284
75086285
75086286
75086288
31106247
31106248
31106249
31106250
71010011
71010041
71010071
71010101
71010013
71010043
71010073
71010103
71010021
71010051
71010081
71010111
71010023
71010053
71010083
71010113
71010273
71010277
71010283
71010287
71010231
71010241
71010233
71010243
71001001
71002001
71001131
71002131
71010579
71010580
71010651
71010652
71010585
71010586
71010653
71010654
71010583
71010584
71010657
71010658
71010587
71010665
71010715
71010759
71010589
71010671
71010721
71010769
71010590
71010669
71010719
71010771
71010591
71010675
71010735
71010773
71010905
71010906
71010915
71010916
71010625
71010621
71011271
71011272
71011317
71011318
71011273
71011274
71011319
71011320
71011275
71011335
71011371
71011397
71011276
71011339
71011375
71011399
71011277
71011336
71011372
71011401
71011278
71011347
71011385
71011403
71011059
71011091
71011109
71011123
71011125
71011127
71000017
71000018
71000011
71000012
71000031
71000032
71000041
71000042
71000051
71000052
71000141
71000142
71000171
71000172
71000271
71000272
71000321
71000322
71000231
71000232
71000381
71000382
71000337
71000481
71000521
71000541
71000221
71000369
71000537
71000629
71000223
71000371
71000558
71000654
71000451
71000711
71000712
71000717
71000718
71000007
71000009
71000003
71000005
71003001
71003002
71003061
71003062
71003031
71003032
71003091
71003092
71003085
71003101
71003201
71003241
71003021
71003077
71003211
71003251
71003023
71003079
71003224
71003253
71003311
71003312
71003317
71003318
31106088
71001133
71001134
71002133
71001137
71002137
71002183
71001138
71002138
71002184
71002135
71002175
71001135
71001136
71002134
71006001
71006002
71007001
71005017
71005018
71005011
71005012
71005031
71005032
71005041
71005042
71005051
71005052
71005141
71005142
71005161
71005162
71005271
71005272
71005321
71005322
71005231
71005232
71005381
71005382
71005453
71005454
71005337
71005481
71005521
71005541
71005711
71005712
71005717
71005718
71005007
71005009
71005003
71005005
71008001
71008002
71008061
71008062
71008031
71008032
71008091
71008092
71008085
71008101
71008201
71008211
71006133
71006134
71007133
71008311
71008312
71008317
71008318
71003667
71003551
71003552
71012155
71012156
71012183
71026031
71026032
71026131
71026132
71026231
71026232
71026161
71026162
71026271
71026272
71026139
71026140
71026239
71026240
71026411
71026473
71026331
71026332
71026551
71026552
71026553
71026554
71027981
71027982
71027011
71027012
71027019
71027020
71027017
71027018
71027031
71027033
71027051
71030043
71030044
71030191
71030189
71030190
71030055
71030199
71030345
71030163
71030164
71030363
71030364
71030161
71030162
71030361
71030362
71030125
71030126
71030225
71030226
71030015
71030016
71030131
71030132
71030231
71030232
71030019
71030020
71030133
71030134
71030233
71030234
71030355
71030356
71030357
71030358
71030193
71030194
71030315
71030316
71030195
71030196
71030317
7103018
71030185
71030186
71030257
71030258
71030197
71030198
71030319
71030320
71030151
71030152
71030297
71030298
71030153
71030154
71030275
71030276
71030267
71030268
71030269
71030270
71030399
71030129
71030130
71030229
71030230
71030137
71030138
71030237
71030238
71030159
71030160
71030299
71030200
71030157
71030158
71030301
71030302
71030325
71030326
71030541
71030535
71030531
71030550
71030551
71030677
71030678
71030647
71030648
71030649
71030650
71030421
71030422
75062641
75062642
75062643
75062644
75062908
75062909
75062910
75062911
75085794
75085796
75085795
75085797
75086104
75086106
75086105
75086107
71030040
71030050
71030180
71030339
71030340
71030173
71030174
71030334
71030333
71030187
71030188
71030344
71030343
71030123
71030124
71030203
71030204
71030027
71030028
71030121
71030122
71030221
71030222
71030373
71030374
71030175
71030176
71030335
71030336
71030103
71030104
71030209
71030210
7103135
71030136
71030235
71030236
71030553
71030555
71030683
71030684
71033955
71033956
71033861
71033862
71033957
71033863
71033864
71033951
71033952
71036091
31105232
71033301
71033302
71033859
71033860
71030801
71030802
71030803
71030804
71030805
71030806
71030807
71030808
71030841
71030842
71030843
71030844
71030845
71030846
71030847
71030848
71030881
71030882
71030883
71030884
71030891
71030892
71030893
71030894
71033983
71033984
71033979
71033980
71030995
71030996
71030423
75062641 
75062642 
75062643 
75062644 
75062908 
75062909 
75062910
75062911
75085794 
75085796 
75085795 
75085797 
75086104 
75086106 
75086105 
75086107
71012031
71012032
71012061
71012062
71029501
71029502
71029531
71029532
71029571
71029572
71029653
71029654
71029573
71029629
71029631
71029483
71029485
71030001
71030002
71030009
71030010
71021981
71012501
71012511
71012515
71030401
71020971
71021975
73050026
73050110
73050126
73050127
73050110
73050026
73050110
73050128
73050127
73051106
73051107
73051589
37051590
75060501
75061171
75061391
75062575
75062582
75062586
75062932
75062933
75062933
75062974
75062975
75062976
75062977
75062938
75062939
75062940
75062941
75062942
75062943
75062978
75062979
75062980
75062981
75062944
75062945
75062946
75062947
75062934
75062982
75062935
75062983
75062948
75062949
75062950
75062951